Sources: 5, Data Means: [1.0 4.0 7.0 10.0 13.0 ], Data SD: [1.0 1.0 1.0 1.0 1.0 ], Pair Metric: 0.816, Cluster Means: [6.97059 0.90701 3.92891 10.0226 13.08619 ], Cluster SD: [0.81854 0.86786 0.81528 0.8187 0.92491 ]
Sources: 5, Data Means: [1.0 4.0 7.0 10.0 13.0 ], Data SD: [2.0 2.0 2.0 2.0 2.0 ], Pair Metric: 0.52, Cluster Means: [3.61665 6.96335 13.83365 0.14229 10.29727 ], Cluster SD: [0.97689 0.93765 1.35506 1.28727 0.97875 ]
Sources: 5, Data Means: [1.0 4.0 7.0 10.0 13.0 ], Data SD: [3.0 3.0 3.0 3.0 3.0 ], Pair Metric: 0.406, Cluster Means: [10.90778 -1.12047 15.23823 7.04693 3.23778 ], Cluster SD: [1.13695 1.7276 1.73676 1.12177 1.15535 ]
