Sources: 5, Data Means: [1.0 2.25 3.5 4.75 6.0 ], Data SD: [0.75 0.75 0.75 0.75 0.75 ], Pair Metric: 0.542, Cluster Means: [1.88982 3.32494 4.96306 0.58276 6.3438 ], Cluster SD: [0.39442 0.43216 0.43515 0.49828 0.5248 ]
Sources: 5, Data Means: [1.0 2.25 3.5 4.75 6.0 ], Data SD: [0.75 0.75 0.75 0.75 0.75 ], Pair Metric: 0.538, Cluster Means: [0.68281 6.31687 3.53695 4.94269 2.15789 ], Cluster SD: [0.53278 0.49637 0.40563 0.40204 0.40013 ]
Sources: 5, Data Means: [1.0 2.25 3.5 4.75 6.0 ], Data SD: [0.75 0.75 0.75 0.75 0.75 ], Pair Metric: 0.564, Cluster Means: [0.68203 6.2841 3.49624 4.8544 2.11591 ], Cluster SD: [0.51366 0.5181 0.39563 0.40274 0.40579 ]
