Sources: 5, Data Means: [1.0 4.0 7.0 10.0 13.0 ], Data SD: [1.0 1.0 1.0 1.0 1.0 ], Pair Metric: 0.75, Cluster Means: [3.66932 7.78627 12.51014 0.79689 -2.04263 ], Cluster SD: [0.81943 1.50409 1.25966 0.78055 0.19396 ]
Sources: 5, Data Means: [1.0 4.0 7.0 10.0 13.0 ], Data SD: [2.0 2.0 2.0 2.0 2.0 ], Pair Metric: 0.434, Cluster Means: [7.21638 1.13716 12.20826 3.84778 4.69388 ], Cluster SD: [1.2006 1.63408 1.94971 0.86345 0.23299 ]
Sources: 5, Data Means: [1.0 4.0 7.0 10.0 13.0 ], Data SD: [3.0 3.0 3.0 3.0 3.0 ], Pair Metric: 0.378, Cluster Means: [1.01925 6.74279 15.6622 10.58009 4.9813 ], Cluster SD: [2.30708 0.52261 1.38499 1.9418 0.50081 ]
