Sources: 5, Data Means: [1.0 2.25 3.5 4.75 6.0 ], Data SD: [0.75 0.75 0.75 0.75 0.75 ], Pair Metric: 0.464, Cluster Means: [5.76042 2.46595 1.13632 4.40874 3.36513 ], Cluster SD: [0.68803 0.16735 0.67786 0.18832 0.3805 ]
Sources: 5, Data Means: [1.0 2.25 3.5 4.75 6.0 ], Data SD: [0.75 0.75 0.75 0.75 0.75 ], Pair Metric: 0.546, Cluster Means: [1.24926 2.85414 5.78635 4.08922 3.44213 ], Cluster SD: [0.74423 0.31075 0.7041 0.34358 0.03266 ]
Sources: 5, Data Means: [1.0 2.25 3.5 4.75 6.0 ], Data SD: [0.75 0.75 0.75 0.75 0.75 ], Pair Metric: 0.468, Cluster Means: [5.72428 2.78424 4.00317 1.21493 3.33402 ], Cluster SD: [0.73532 0.28224 0.35213 0.71492 0.03368 ]
